Classification report for topic classification logistic regression model

Notes: 
Logistic regression trained on 33,994 items in uk.iser.ukhls, 3898 items in uk.genscot
Tested on 9,473 items from both uk.iser.ukhls and uk.genscot
Accuracy: 0.8840916288398607.
Correct or in top 2 results:0.9527076955557902
Correct or in top 3 results:0.9718146310566874
Correct or in top 5 results:0.9819486962947324
Correct or in top 7 results:0.9874379816320068
Correct or in top 10 results:0.9918716351736514

If we train and test just on the genscot data, we get these results:
    Accuracy: 0.8639175257731959.
    Correct or in top 3 results:0.9618556701030928
    The genscot data seems to have slightly less predictive value than the uk.iser.ukhls study

Model name and version: 
logistic_regression_for_topic_classification_v2

Training data: 
Summaries and categories for 3879 questions

Classification report: 
              precision    recall  f1-score   support

       10504       0.78      0.72      0.75        29
       10320       0.90      0.96      0.93        28
       10705       0.92      0.96      0.94        57
         110       0.91      0.91      0.91       103
       10809       0.84      0.79      0.81        33
       11605       0.94      0.83      0.88        36
       11612       0.87      0.97      0.91       116
       11601       1.00      0.90      0.95        10
       10907       0.72      0.79      0.75       165
         112       0.82      0.65      0.73        49
       10702       0.82      0.79      0.81        95
       11001       0.89      0.64      0.75        53
       10704       0.85      0.92      0.88       202
       10301       0.87      0.74      0.80       110
       10607       1.00      0.62      0.77        24
       10604       0.86      0.89      0.88        64
       10313       0.00      0.00      0.00         2
         108       0.00      0.00      0.00         1
       10403       1.00      1.00      1.00         1
       10813       1.00      1.00      1.00        10
       11607       1.00      0.50      0.67         6
       10605       1.00      0.89      0.94        18
         111       0.95      0.95      0.95        19
       10608       0.86      0.89      0.87        66
       10603       0.60      0.75      0.67         4
       11608       0.86      0.74      0.79        68
       10803       0.85      0.91      0.88        68
       10708       0.88      0.84      0.86        50
       10202       0.86      0.88      0.87       116
       10104       0.90      0.88      0.89        64
       10308       1.00      0.96      0.98        57
       10904       1.00      0.67      0.80         6
         102       0.96      0.96      0.96        24
       10203       1.00      0.97      0.99        77
       10703       0.00      0.00      0.00         4
       10602       0.79      0.96      0.86        23
       10303       0.84      0.84      0.84        51
         115       0.75      0.67      0.71         9
         109       0.97      0.97      0.97        35
       11002       0.89      0.94      0.91        34
       10901       1.00      0.94      0.97        18
       11102       1.00      0.88      0.93         8
       11201       0.97      0.99      0.98       437
         101       0.93      0.41      0.57        32
       10310       1.00      0.58      0.73        19
       11609       0.91      0.86      0.88       296
         114       0.91      0.91      0.91        67
       10706       0.74      0.88      0.80       169
       11101       0.98      0.90      0.94        69
       10812       0.94      0.99      0.96       179
       10801       1.00      0.80      0.89        15
       10401       0.86      0.73      0.79       113
       10405       0.90      0.81      0.85       105
       10201       0.84      0.97      0.90        39
       11614       0.90      0.91      0.91        69
       11606       0.99      0.99      0.99       134
       10205       1.00      0.50      0.67        12
       10106       0.95      0.92      0.93        62
       10102       0.88      0.72      0.79        32
       11611       0.90      0.95      0.92        74
       10906       0.80      0.44      0.57         9
       10317       0.94      0.94      0.94        16
       10101       1.00      1.00      1.00         4
       10502       0.90      0.49      0.64        73
       10322       0.84      0.91      0.87       536
       10709       0.95      0.74      0.83        47
         116       0.91      0.90      0.90       191
       10711       0.83      0.78      0.81       270
       11615       0.86      0.84      0.85        50
       10314       0.81      0.71      0.76        35
         107       0.85      0.93      0.89       194
       10902       0.88      0.74      0.80        38
       10107       0.88      0.73      0.80        30
       11103       0.93      0.95      0.94        40
       10402       0.97      0.94      0.95        33
       10707       0.96      0.88      0.92        59
       10302       1.00      0.78      0.88         9
       10404       0.97      0.93      0.95        30
       11604       0.95      0.95      0.95       153
       10103       0.85      0.69      0.76        16
       10816       0.94      0.90      0.92       128
       10316       0.99      0.98      0.99       112
       11603       1.00      0.80      0.89         5
         103       0.85      0.94      0.89      1146
       10323       1.00      0.08      0.15        12
         104       0.93      0.80      0.86        64
       11602       0.90      0.79      0.84       101
       10606       0.93      0.95      0.94       366
       10309       0.91      0.93      0.92       266
         106       0.88      0.83      0.86       129
       11402       0.83      0.73      0.78        88
       10804       0.83      0.85      0.84       309
       10601       0.94      0.96      0.95       245
       10810       0.87      0.93      0.90       512
       10903       0.76      0.76      0.76        42
       11003       0.00      0.00      0.00         2
       11610       0.00      0.00      0.00         3
       10701       1.00      0.91      0.95        11
       10908       0.96      0.80      0.87       163

    accuracy                           0.88      9473
   macro avg       0.86      0.79      0.81      9473
weighted avg       0.89      0.88      0.88      9473



These topics have been misclassified.

TOPIC 10504, 2
10606: 2
TOPIC 10302, 1
10704: 1
TOPIC 10320, 1
10320: 1
TOPIC 10404, 3
10606: 3
TOPIC 11604, 1
10323: 1
TOPIC 10103, 1
10601: 1
TOPIC 10316, 1
116: 1
TOPIC 11607, 57
11607: 52
10801: 1
10107: 1
11605: 2
10903: 1
TOPIC 10605, 22
10605: 21
10303: 1
TOPIC 10801, 13
11607: 2
10801: 10
10809: 1
TOPIC 10401, 4
11607: 1
10401: 3
TOPIC 11603, 1
10901: 1
TOPIC 10405, 10
10405: 10
TOPIC 10107, 18
10107: 17
10809: 1
TOPIC 10809, 19
10809: 18
10604: 1
TOPIC 10603, 3
11607: 2
10903: 1
TOPIC 11608, 5
11607: 3
11608: 2
TOPIC 11605, 65
10107: 1
11605: 57
103: 3
11614: 1
10903: 1
10901: 2
TOPIC 103, 50
11605: 4
103: 45
11615: 1
TOPIC 10201, 33
11605: 1
10201: 29
11614: 2
10901: 1
TOPIC 11614, 55
11614: 55
TOPIC 11606, 5
103: 2
11606: 3
TOPIC 10102, 9
11607: 1
10102: 8
TOPIC 10106, 9
10106: 9
TOPIC 11612, 10
11612: 10
TOPIC 11601, 2
103: 1
11601: 1
TOPIC 10323, 19
10323: 18
10303: 1
TOPIC 10203, 8
10203: 7
10303: 1
TOPIC 112, 1
112: 1
TOPIC 104, 7
104: 7
TOPIC 11602, 7
103: 1
11614: 1
11602: 5
TOPIC 11611, 1
116: 1
TOPIC 10606, 17
11607: 1
10606: 15
116: 1
TOPIC 10602, 1
10317: 1
TOPIC 10702, 1
10313: 1
TOPIC 10704, 11
11614: 1
10704: 10
TOPIC 10317, 7
10317: 4
11615: 3
TOPIC 10301, 1
11615: 1
TOPIC 10101, 10
11614: 1
10101: 8
11615: 1
TOPIC 10303, 14
11607: 2
10323: 1
10303: 9
10903: 1
11615: 1
TOPIC 10607, 10
10607: 3
10903: 3
10901: 1
11615: 1
107: 2
TOPIC 115, 6
115: 4
116: 2
TOPIC 10601, 21
10601: 17
10901: 2
11610: 1
11615: 1
TOPIC 10903, 40
11607: 3
10603: 1
10903: 35
11615: 1
TOPIC 10901, 82
11605: 2
103: 1
10903: 2
10901: 75
116: 1
11615: 1
TOPIC 10604, 20
11607: 1
10601: 1
10903: 1
10901: 1
10604: 12
11615: 3
107: 1
TOPIC 11610, 29
11612: 1
10901: 1
11610: 25
11615: 1
107: 1
TOPIC 116, 81
10903: 1
10604: 1
116: 76
11615: 3
TOPIC 10313, 25
10303: 1
10901: 1
116: 2
10313: 21
TOPIC 11615, 116
10903: 2
10901: 1
11615: 109
107: 4
TOPIC 107, 26
10607: 1
107: 25
TOPIC 108, 2
10901: 2
TOPIC 10310, 3
10201: 1
116: 2
TOPIC 11609, 1
10604: 1
TOPIC 10402, 3
10901: 1
11615: 1
10402: 1
